11.479364
11.474629
11.506840
11.448196
11.448927
11.430580
11.459083
11.434989
11.478904
11.433544
11.445962
11.424342
11.455930
11.461422
11.462756
11.459900
11.469868
11.456662
11.432191
11.406731
11.488898
11.436926
11.449549
11.476314
11.463107
11.435632
11.482551
11.426175
11.430585
11.451966
11.418984
11.466158
11.424491
11.422988
11.411136
11.404938
11.405046
11.459169
11.444814
11.425844
11.441978
11.442433
11.482491
11.420338
11.457284
11.458751
11.437317
11.475375
11.425073
11.463487
11.409782
11.442724
11.400054
11.438280
11.429226
11.437697
11.456701
11.414322
11.448196
11.445145
11.471222
11.441227
11.503789
11.484236
11.453651
11.465172
11.443663
11.456870
11.444078
11.419607
11.492842
11.454433
11.458351
11.455164
11.490583
11.433636
11.466857
11.502104
11.459920
11.446714
11.406400
11.458015
11.398700
11.455185
11.462168
11.423720
11.418253
