9.506667 4.369565 22.510417 
9.280000 4.913043 22.552083 
9.266667 4.586957 22.687500 
9.373333 4.478261 22.520833 
9.346667 4.521739 22.531250 
9.360000 4.760870 22.520833 
9.400000 4.413043 22.552083 
9.560000 4.652174 22.416667 
9.493333 4.565217 22.437500 
9.293333 4.739130 22.593750 
9.386667 4.717391 22.510417 
9.426667 4.521739 22.500000 
9.400000 4.347826 22.593750 
9.440000 4.500000 22.447917 
9.320000 4.717391 22.541667 
9.306667 4.869565 22.541667 
9.333333 4.673913 22.531250 
9.346667 4.934783 22.479167 
9.346667 4.521739 22.531250 
9.386667 4.739130 22.468750 
9.280000 4.500000 22.604167 
9.306667 4.391304 22.677083 
9.280000 4.913043 22.552083 
9.373333 4.478261 22.520833 
9.426667 4.304348 22.583333 
9.346667 4.304348 22.614583 
9.333333 4.543478 22.583333 
9.320000 4.239130 22.677083 
9.253333 4.478261 22.697917 
9.373333 4.260870 22.604167 
9.280000 4.434783 22.687500 
9.466667 4.434783 22.479167 
9.480000 4.630435 22.437500 
9.333333 4.673913 22.531250 
9.293333 4.282609 22.687500 
9.400000 4.673913 22.500000 
9.413333 4.326087 22.541667 
9.360000 4.304348 22.614583 
9.240000 4.847826 22.614583 
9.280000 4.652174 22.604167 
9.320000 4.695652 22.583333 
9.306667 4.456522 22.593750 
9.506667 4.586957 22.427083 
9.293333 4.434783 22.687500 
9.493333 4.347826 22.520833 
9.253333 4.630435 22.697917 
9.240000 4.695652 22.614583 
9.266667 4.652174 22.604167 
9.400000 4.695652 22.458333 
9.440000 4.478261 22.489583 
9.413333 4.543478 22.458333 
9.373333 4.456522 22.562500 
9.360000 4.282609 22.656250 
9.480000 4.413043 22.520833 
9.440000 4.282609 22.531250 
9.333333 4.652174 22.572917 
9.333333 4.326087 22.666667 
9.306667 4.717391 22.541667 
9.400000 4.565217 22.510417 
9.333333 4.456522 22.614583 
9.373333 4.739130 22.468750 
9.360000 4.500000 22.572917 
9.213333 4.891304 22.625000 
9.226667 4.673913 22.708333 
